10
96.841
0 1 63.346 4.768
0 2 35.801 8.572
0 3 35.157 5.195
0 4 30.541 7.532
0 5 0.733 10.614
0 6 58.397 10.993
0 7 52.768 7.109
0 8 99.033 10.266
0 9 76.541 12.971
1 2 63.88 0.82
1 3 64.468 6.376
1 4 82.654 13.81
1 5 11.98 12.739
1 6 30.041 5.839
1 7 46.456 8.146
1 8 53.846 0.612
1 9 55.318 5.35
2 3 7.892 11.213
2 4 45.383 5.273
2 5 11.019 10.878
2 6 91.853 11.775
2 7 71.818 5.748
2 8 47.559 0.739
2 9 80.411 4.743
3 4 22.309 5.129
3 5 38.047 5.565
3 6 79.096 9.845
3 7 54.456 6.024
3 8 22.594 0.517
3 9 6.025 4.501
4 5 61.839 4.779
4 6 74.456 0.924
4 7 88.314 0.001
4 8 57.998 0.332
4 9 27.388 1.033
5 6 92.233 6.453
5 7 1.965 10.896
5 8 81.237 4.578
5 9 77.369 8.973
6 7 76.523 4.991
6 8 49.846 9.116
6 9 82.393 13.267
7 8 26.999 0.115
7 9 97.928 6.866
8 9 21.539 8.24