20
96.841
0 1 14.858 4.067
0 2 52.386 2.463
0 3 2.487 5.139
0 4 54.313 2.233
0 5 92.598 5.301
0 6 6.171 1.621
0 7 85.613 2.038
0 8 11.79 4.441
0 9 57.208 3.99
0 10 78.5 5.957
0 11 64.152 0.896
0 12 17.724 1.326
0 13 67.492 4.413
0 14 84.105 3.938
0 15 90.346 2.025
0 16 14.749 0.676
0 17 95.546 3.649
0 18 22.758 5.905
0 19 37.216 3.23
1 2 27.15 4.235
1 3 63.844 0.395
1 4 50.441 4.658
1 5 98.756 2.416
1 6 2.286 3.427
1 7 61.693 6.049
1 8 66.771 4.933
1 9 97.075 5.835
1 10 24.455 0.711
1 11 83.877 4.587
1 12 84.985 0.126
1 13 42.128 4.64
1 14 50.748 4.754
1 15 93.105 1.888
1 16 48.692 5.353
1 17 49.988 5.452
1 18 83.031 4.898
1 19 77.502 5.473
2 3 65.588 4.49
2 4 26.138 4.998
2 5 65.604 4.327
2 6 32.522 1.084
2 7 27.143 1.634
2 8 43.83 3.132
2 9 65.983 4.672
2 10 48.103 5.498
2 11 83.75 2.637
2 12 87.909 5.113
2 13 26.835 2.098
2 14 21.931 5.047
2 15 96.806 4.364
2 16 31.063 3.945
2 17 52.508 2.366
2 18 71.434 0.989
2 19 72.864 1.184
3 4 87.937 3.769
3 5 77.325 3.311
3 6 67.713 0.081
3 7 39.27 3.219
3 8 91.335 5.241
3 9 84.047 2.042
3 10 37.293 5.852
3 11 60.101 0.575
3 12 97.949 2.561
3 13 63.996 1.408
3 14 58.721 4.252
3 15 37.608 6.028
3 16 17.777 3.701
3 17 9.085 5.058
3 18 90.044 0.986
3 19 0.604 2.152
4 5 93.946 3.158
4 6 69.556 2.559
4 7 92.399 4.147
4 8 11.317 0.238
4 9 4.676 2.08
4 10 37.135 3.628
4 11 69.019 0.492
4 12 66.411 1.799
4 13 57.022 2.335
4 14 2.629 0.819
4 15 52.272 3.723
4 16 31.276 2.278
4 17 60.341 2.549
4 18 8.634 1.264
4 19 88.033 4.057
5 6 31.728 0.288
5 7 67.386 5.304
5 8 88.806 6.051
5 9 15.682 5.082
5 10 72.217 2.733
5 11 74.151 5.683
5 12 16.504 4.256
5 13 10.935 3.693
5 14 39.005 5.248
5 15 33.993 1.809
5 16 9.39 0.598
5 17 49.349 5.413
5 18 30.184 1.571
5 19 90.183 2.569
6 7 48.332 3.89
6 8 88.833 0.034
6 9 36.077 4.291
6 10 38.112 3.21
6 11 50.514 3.523
6 12 9.403 3.896
6 13 87.565 0.063
6 14 27.988 0.003
6 15 84.164 1.597
6 16 90.186 5.604
6 17 54.229 5.227
6 18 60.775 4.285
6 19 93.483 5.28
7 8 26.32 3.75
7 9 52.039 2.752
7 10 68.571 1.495
7 11 15.063 5.921
7 12 41.669 2.449
7 13 37.981 3.888
7 14 70.903 5.81
7 15 78.353 3.579
7 16 85.662 1.5
7 17 32.148 0.315
7 18 35.38 4.525
7 19 43.264 3.197
8 9 65.146 1.64
8 10 4.19 3.621
8 11 90.186 2.76
8 12 55.269 4.745
8 13 4.043 0.001
8 14 42.225 0.0
8 15 86.828 1.028
8 16 70.414 3.408
8 17 17.224 2.504
8 18 7.629 3.481
8 19 31.902 1.79
9 10 35.397 4.033
9 11 55.677 3.304
9 12 73.59 5.59
9 13 42.348 3.905
9 14 93.726 4.837
9 15 33.6 0.799
9 16 86.941 1.27
9 17 13.941 2.258
9 18 94.899 0.728
9 19 34.03 0.096
10 11 41.174 3.005
10 12 64.32 2.728
10 13 19.77 5.857
10 14 68.638 2.754
10 15 31.498 3.009
10 16 26.441 2.664
10 17 24.598 5.631
10 18 18.611 3.847
10 19 42.133 5.624
11 12 80.341 3.368
11 13 51.185 4.589
11 14 97.305 5.682
11 15 93.134 2.196
11 16 58.099 1.762
11 17 27.499 2.08
11 18 10.298 3.682
11 19 46.276 4.087
12 13 12.142 5.26
12 14 20.768 5.231
12 15 73.043 2.872
12 16 13.227 2.705
12 17 68.531 4.338
12 18 88.844 3.456
12 19 13.353 0.88
13 14 63.614 0.0
13 15 2.118 2.102
13 16 0.591 0.945
13 17 33.452 1.465
13 18 98.288 0.043
13 19 68.567 5.12
14 15 86.229 5.707
14 16 60.19 5.795
14 17 97.39 3.631
14 18 45.107 1.33
14 19 63.929 1.487
15 16 58.664 3.09
15 17 23.158 4.852
15 18 80.261 4.307
15 19 82.298 1.916
16 17 31.128 4.173
16 18 26.649 4.189
16 19 87.796 2.522
17 18 26.215 0.881
17 19 86.12 3.18
18 19 17.372 1.089