50
96.841
0 1 14.608 0.006
0 2 28.827 2.081
0 3 85.817 1.089
0 4 92.788 0.328
0 5 99.992 0.375
0 6 36.696 0.649
0 7 68.002 1.64
0 8 16.404 0.662
0 9 94.537 1.062
0 10 83.619 0.105
0 11 7.107 0.016
0 12 14.505 0.359
0 13 65.777 0.765
0 14 78.902 1.758
0 15 81.272 2.021
0 16 13.425 0.528
0 17 63.628 1.472
0 18 2.993 1.636
0 19 15.69 1.442
0 20 96.312 0.038
0 21 31.622 1.307
0 22 45.875 0.83
0 23 95.202 0.429
0 24 18.487 0.097
0 25 5.099 1.432
0 26 15.633 0.369
0 27 29.271 1.302
0 28 89.714 0.606
0 29 52.284 0.436
0 30 80.85 0.488
0 31 19.204 1.944
0 32 23.967 0.763
0 33 50.792 1.64
0 34 15.822 0.564
0 35 80.577 0.953
0 36 85.986 1.191
0 37 23.606 1.591
0 38 94.625 0.727
0 39 75.255 1.584
0 40 72.762 0.051
0 41 35.331 0.154
0 42 42.551 0.291
0 43 12.721 0.8
0 44 48.637 1.267
0 45 24.186 1.925
0 46 8.018 0.702
0 47 93.113 0.331
0 48 74.999 1.238
0 49 9.842 0.951
1 2 15.876 2.036
1 3 15.51 0.136
1 4 7.769 2.089
1 5 32.494 0.353
1 6 82.398 1.069
1 7 22.491 0.46
1 8 22.819 0.723
1 9 21.008 0.133
1 10 29.089 1.316
1 11 71.82 1.252
1 12 17.707 0.922
1 13 75.665 1.803
1 14 29.471 2.11
1 15 94.218 0.607
1 16 5.312 0.548
1 17 52.751 0.167
1 18 17.952 0.15
1 19 43.318 1.068
1 20 12.292 0.604
1 21 9.224 0.262
1 22 98.131 1.693
1 23 99.509 1.704
1 24 61.206 0.242
1 25 29.967 0.66
1 26 43.12 0.394
1 27 15.078 0.255
1 28 9.902 0.423
1 29 16.548 0.907
1 30 33.249 1.423
1 31 33.765 1.526
1 32 33.735 1.25
1 33 57.093 0.291
1 34 8.723 0.492
1 35 12.504 1.537
1 36 31.405 1.97
1 37 77.649 1.898
1 38 67.116 1.252
1 39 34.087 1.395
1 40 17.622 2.172
1 41 59.184 1.482
1 42 61.729 0.452
1 43 28.72 0.952
1 44 40.772 1.723
1 45 35.595 1.642
1 46 71.005 1.789
1 47 16.93 0.335
1 48 73.905 0.708
1 49 67.763 1.471
2 3 45.841 1.292
2 4 96.463 1.083
2 5 85.657 0.642
2 6 98.529 0.313
2 7 53.57 0.888
2 8 19.469 0.65
2 9 90.286 0.426
2 10 39.048 1.503
2 11 71.384 1.116
2 12 72.791 0.713
2 13 17.76 2.01
2 14 99.712 1.356
2 15 71.48 1.406
2 16 17.721 1.569
2 17 31.83 0.559
2 18 1.102 0.535
2 19 68.949 1.327
2 20 72.048 0.932
2 21 46.387 1.546
2 22 55.436 0.226
2 23 60.613 2.035
2 24 93.503 1.161
2 25 38.04 0.471
2 26 11.276 1.073
2 27 54.69 1.755
2 28 53.671 0.284
2 29 82.7 0.898
2 30 22.187 1.109
2 31 86.726 0.276
2 32 50.679 1.272
2 33 81.172 0.641
2 34 41.592 0.711
2 35 30.104 2.039
2 36 65.201 0.227
2 37 5.941 0.12
2 38 1.982 0.136
2 39 74.797 0.283
2 40 44.935 0.064
2 41 72.497 0.829
2 42 3.403 0.643
2 43 18.777 1.429
2 44 37.856 0.687
2 45 42.093 0.899
2 46 26.164 1.074
2 47 16.867 0.106
2 48 74.625 0.616
2 49 20.532 2.085
3 4 68.759 0.222
3 5 82.817 1.79
3 6 75.613 0.828
3 7 32.17 1.616
3 8 8.576 1.121
3 9 52.852 0.258
3 10 70.673 2.102
3 11 83.989 1.03
3 12 44.41 2.018
3 13 93.98 1.752
3 14 84.998 1.247
3 15 12.613 0.21
3 16 16.028 1.049
3 17 59.745 0.411
3 18 76.281 0.095
3 19 71.216 1.564
3 20 92.81 0.648
3 21 52.676 1.079
3 22 12.275 1.076
3 23 35.74 1.909
3 24 17.691 1.82
3 25 13.436 2.12
3 26 3.184 1.346
3 27 46.593 0.565
3 28 99.424 1.496
3 29 23.854 1.741
3 30 58.403 1.27
3 31 4.942 1.313
3 32 57.86 1.293
3 33 79.432 1.978
3 34 71.586 1.521
3 35 49.136 1.079
3 36 3.07 0.021
3 37 22.693 0.787
3 38 23.591 1.727
3 39 66.787 0.822
3 40 38.978 0.968
3 41 66.987 2.123
3 42 25.311 1.481
3 43 4.031 1.402
3 44 49.757 1.893
3 45 75.698 1.589
3 46 1.638 1.656
3 47 17.177 0.51
3 48 2.825 1.081
3 49 33.007 1.344
4 5 18.843 1.797
4 6 36.634 1.654
4 7 7.797 0.196
4 8 70.287 0.242
4 9 11.434 1.893
4 10 41.91 0.716
4 11 40.617 1.505
4 12 39.489 2.008
4 13 37.593 0.096
4 14 76.88 0.672
4 15 59.466 0.011
4 16 74.127 2.089
4 17 23.774 0.527
4 18 53.71 0.041
4 19 97.473 1.23
4 20 73.248 1.418
4 21 37.875 0.042
4 22 8.063 0.184
4 23 74.58 1.199
4 24 38.008 0.37
4 25 49.794 1.03
4 26 53.677 0.202
4 27 36.592 1.858
4 28 76.298 0.653
4 29 5.201 0.529
4 30 7.55 1.498
4 31 5.018 1.101
4 32 56.445 1.68
4 33 1.14 1.403
4 34 50.149 0.786
4 35 94.809 0.195
4 36 89.332 1.313
4 37 45.335 1.134
4 38 98.984 1.914
4 39 79.15 0.782
4 40 11.927 1.625
4 41 38.665 0.398
4 42 21.332 1.306
4 43 15.6 0.812
4 44 59.74 0.365
4 45 84.017 0.3
4 46 44.452 0.0
4 47 68.685 2.031
4 48 54.803 1.872
4 49 60.041 0.48
5 6 69.189 1.216
5 7 70.121 0.803
5 8 59.622 1.541
5 9 11.079 0.546
5 10 98.561 1.066
5 11 81.343 1.725
5 12 78.791 1.469
5 13 73.802 0.079
5 14 26.231 1.33
5 15 91.644 1.004
5 16 53.78 0.239
5 17 6.528 2.109
5 18 49.301 2.057
5 19 14.856 0.083
5 20 71.473 0.496
5 21 12.735 0.626
5 22 29.991 1.572
5 23 0.191 1.923
5 24 72.852 1.244
5 25 80.94 1.544
5 26 71.824 0.571
5 27 98.802 1.187
5 28 83.081 2.135
5 29 96.8 0.538
5 30 65.897 0.117
5 31 77.16 0.537
5 32 34.979 1.375
5 33 20.22 1.066
5 34 37.43 1.536
5 35 89.008 0.83
5 36 29.679 0.762
5 37 2.779 0.99
5 38 1.087 0.204
5 39 76.165 1.34
5 40 47.054 0.181
5 41 4.354 1.469
5 42 50.571 1.826
5 43 97.985 0.15
5 44 36.352 0.606
5 45 54.647 1.52
5 46 68.334 0.226
5 47 82.121 2.136
5 48 5.467 0.235
5 49 60.076 1.032
6 7 5.479 0.001
6 8 63.296 0.0
6 9 47.278 1.59
6 10 87.531 0.854
6 11 66.278 0.055
6 12 53.356 0.462
6 13 10.724 0.0
6 14 69.576 1.863
6 15 51.805 0.0
6 16 4.37 0.867
6 17 93.128 1.226
6 18 71.118 0.378
6 19 20.986 1.163
6 20 31.868 2.104
6 21 76.852 0.976
6 22 32.895 1.882
6 23 83.196 0.188
6 24 57.395 1.107
6 25 55.789 1.508
6 26 54.695 0.467
6 27 69.166 1.414
6 28 98.252 1.645
6 29 91.661 0.05
6 30 50.607 1.678
6 31 3.51 1.107
6 32 50.726 0.513
6 33 91.936 0.869
6 34 27.034 0.547
6 35 65.24 0.497
6 36 24.769 0.917
6 37 76.663 1.137
6 38 30.827 1.831
6 39 6.466 0.039
6 40 83.832 0.773
6 41 13.983 0.759
6 42 15.061 1.266
6 43 35.777 0.218
6 44 92.19 1.918
6 45 36.189 1.219
6 46 78.727 0.0
6 47 52.043 0.38
6 48 23.004 0.055
6 49 76.578 1.267
7 8 59.627 0.0
7 9 18.905 2.07
7 10 11.38 0.38
7 11 73.779 1.415
7 12 28.872 1.394
7 13 91.009 0.0
7 14 40.231 0.84
7 15 71.484 0.0
7 16 90.741 1.318
7 17 14.578 1.978
7 18 9.534 2.158
7 19 1.868 2.027
7 20 36.034 1.391
7 21 5.462 1.832
7 22 57.005 1.749
7 23 57.512 0.536
7 24 86.174 2.081
7 25 12.67 1.104
7 26 96.922 1.216
7 27 43.515 0.488
7 28 82.255 1.512
7 29 75.436 1.937
7 30 5.853 0.961
7 31 21.149 1.342
7 32 89.488 1.257
7 33 81.474 0.75
7 34 35.029 0.384
7 35 41.299 2.145
7 36 68.424 0.045
7 37 14.147 2.184
7 38 78.589 1.233
7 39 19.297 2.042
7 40 57.346 1.468
7 41 57.72 0.892
7 42 93.226 2.156
7 43 45.486 0.694
7 44 77.846 1.396
7 45 11.606 2.126
7 46 26.085 0.0
7 47 86.047 1.882
7 48 66.436 1.122
7 49 67.925 1.368
8 9 83.108 1.021
8 10 37.838 2.131
8 11 76.362 0.373
8 12 66.237 0.473
8 13 63.107 0.0
8 14 38.556 1.39
8 15 11.271 0.0
8 16 87.388 1.418
8 17 4.027 1.734
8 18 98.294 1.239
8 19 97.86 1.858
8 20 48.215 0.116
8 21 25.608 1.724
8 22 3.666 0.282
8 23 37.339 1.781
8 24 22.125 1.755
8 25 90.823 0.564
8 26 24.597 1.195
8 27 97.496 1.305
8 28 8.791 2.172
8 29 88.05 0.561
8 30 65.805 0.56
8 31 17.161 1.457
8 32 5.639 1.06
8 33 64.961 1.373
8 34 85.123 1.927
8 35 0.657 1.139
8 36 43.207 0.689
8 37 20.337 1.163
8 38 77.348 1.43
8 39 98.646 1.026
8 40 39.351 1.914
8 41 89.116 1.518
8 42 9.717 0.211
8 43 50.588 0.571
8 44 49.407 1.462
8 45 95.077 0.599
8 46 18.225 0.0
8 47 28.562 0.081
8 48 97.802 1.391
8 49 81.476 1.021
9 10 54.418 0.733
9 11 43.035 0.83
9 12 69.519 0.585
9 13 80.905 1.574
9 14 72.513 2.087
9 15 70.791 1.775
9 16 44.154 0.78
9 17 5.217 0.341
9 18 78.911 1.981
9 19 55.657 0.482
9 20 80.749 1.028
9 21 5.988 0.85
9 22 52.773 1.256
9 23 19.278 1.577
9 24 66.143 0.574
9 25 21.282 0.827
9 26 4.155 0.307
9 27 36.777 1.149
9 28 87.469 1.737
9 29 28.543 2.194
9 30 14.601 0.796
9 31 36.227 2.117
9 32 95.57 0.776
9 33 26.597 0.798
9 34 4.181 0.064
9 35 43.32 0.685
9 36 16.205 1.016
9 37 24.259 1.248
9 38 1.503 1.913
9 39 16.078 1.785
9 40 47.523 1.946
9 41 67.872 0.062
9 42 42.944 2.003
9 43 47.872 0.997
9 44 19.019 2.066
9 45 68.873 0.273
9 46 39.629 0.074
9 47 85.479 1.954
9 48 51.358 1.987
9 49 63.116 1.351
10 11 64.867 0.782
10 12 40.082 1.501
10 13 57.129 0.702
10 14 70.154 0.666
10 15 14.627 1.809
10 16 36.423 1.425
10 17 17.913 0.876
10 18 34.098 0.508
10 19 9.04 0.282
10 20 28.226 2.102
10 21 8.328 1.846
10 22 44.041 1.072
10 23 1.723 0.936
10 24 37.588 0.447
10 25 13.33 0.152
10 26 62.94 1.563
10 27 68.69 2.126
10 28 78.136 0.211
10 29 67.417 2.164
10 30 76.059 0.882
10 31 63.4 0.827
10 32 0.314 2.114
10 33 34.766 0.505
10 34 45.272 0.0
10 35 15.312 1.199
10 36 55.146 1.548
10 37 58.772 1.364
10 38 86.277 0.634
10 39 83.447 0.51
10 40 50.42 0.078
10 41 61.214 1.863
10 42 2.569 0.687
10 43 97.86 2.131
10 44 2.227 1.237
10 45 72.255 1.803
10 46 31.433 1.712
10 47 95.427 0.468
10 48 91.653 1.694
10 49 72.045 0.288
11 12 27.83 0.587
11 13 95.425 1.402
11 14 38.924 1.982
11 15 38.639 2.041
11 16 96.437 1.396
11 17 23.009 1.84
11 18 54.788 2.126
11 19 6.653 0.213
11 20 18.553 0.692
11 21 83.48 0.716
11 22 9.544 1.147
11 23 84.384 0.423
11 24 55.83 0.22
11 25 42.689 0.496
11 26 60.803 1.063
11 27 19.702 0.108
11 28 11.127 1.858
11 29 80.597 0.369
11 30 94.007 1.301
11 31 65.787 1.043
11 32 90.223 2.089
11 33 98.655 0.472
11 34 55.493 1.599
11 35 91.485 0.936
11 36 79.028 0.616
11 37 9.387 0.731
11 38 4.756 1.534
11 39 0.301 0.813
11 40 5.384 1.444
11 41 30.442 2.152
11 42 65.97 2.085
11 43 46.967 0.493
11 44 24.902 0.213
11 45 84.628 1.225
11 46 3.483 0.972
11 47 19.493 1.947
11 48 47.045 1.46
11 49 19.824 0.879
12 13 0.804 1.433
12 14 27.36 0.765
12 15 88.921 1.29
12 16 58.6 0.657
12 17 74.993 1.046
12 18 10.291 1.511
12 19 2.226 0.503
12 20 68.813 1.794
12 21 20.001 1.12
12 22 46.791 1.018
12 23 15.387 0.116
12 24 30.867 1.757
12 25 97.413 1.389
12 26 85.168 1.909
12 27 53.329 1.083
12 28 59.399 0.59
12 29 36.659 0.804
12 30 39.462 0.049
12 31 67.166 1.811
12 32 15.608 0.244
12 33 62.571 1.692
12 34 60.386 0.402
12 35 85.028 0.412
12 36 78.626 0.626
12 37 5.903 1.233
12 38 19.845 1.136
12 39 26.216 1.246
12 40 51.455 1.777
12 41 8.626 1.936
12 42 98.796 0.083
12 43 8.232 0.909
12 44 11.538 2.023
12 45 19.074 1.706
12 46 90.902 1.839
12 47 38.851 1.896
12 48 40.019 0.885
12 49 66.744 0.576
13 14 87.987 1.477
13 15 23.929 0.0
13 16 57.469 1.799
13 17 36.494 0.668
13 18 85.144 1.712
13 19 48.187 1.508
13 20 81.275 2.089
13 21 55.415 1.099
13 22 6.358 1.851
13 23 14.145 0.172
13 24 28.518 1.327
13 25 86.421 0.846
13 26 51.224 0.59
13 27 78.122 0.15
13 28 27.871 1.558
13 29 5.131 0.893
13 30 12.647 0.886
13 31 94.572 0.545
13 32 63.153 1.129
13 33 36.034 1.086
13 34 96.008 1.693
13 35 50.531 2.163
13 36 20.496 2.072
13 37 13.441 0.219
13 38 82.408 0.459
13 39 27.837 2.153
13 40 45.087 0.98
13 41 22.062 0.126
13 42 29.405 0.039
13 43 96.59 1.08
13 44 8.466 1.307
13 45 20.932 2.038
13 46 25.651 0.0
13 47 79.71 0.934
13 48 57.318 0.588
13 49 14.318 1.86
14 15 73.0 0.894
14 16 1.778 1.969
14 17 46.258 1.279
14 18 61.586 0.558
14 19 89.769 0.105
14 20 62.972 0.144
14 21 37.591 0.786
14 22 35.128 1.517
14 23 27.82 1.342
14 24 94.903 0.637
14 25 10.649 0.968
14 26 96.117 1.906
14 27 8.324 1.846
14 28 4.112 1.448
14 29 2.867 1.618
14 30 65.59 0.152
14 31 25.306 1.262
14 32 52.505 1.173
14 33 18.899 0.424
14 34 59.268 0.53
14 35 97.216 0.308
14 36 65.678 1.545
14 37 2.01 0.831
14 38 90.464 1.554
14 39 24.477 0.076
14 40 12.924 1.19
14 41 73.796 0.587
14 42 69.656 1.488
14 43 79.812 1.338
14 44 31.866 0.365
14 45 40.219 2.166
14 46 79.832 1.859
14 47 44.97 0.989
14 48 71.695 1.337
14 49 46.836 0.947
15 16 42.188 0.54
15 17 44.421 0.106
15 18 82.942 0.702
15 19 88.589 1.292
15 20 86.971 2.042
15 21 49.851 1.922
15 22 0.411 1.405
15 23 12.211 1.063
15 24 74.381 0.533
15 25 67.763 0.969
15 26 8.909 0.746
15 27 31.99 0.374
15 28 73.191 0.749
15 29 7.109 0.526
15 30 78.897 0.612
15 31 82.802 0.438
15 32 20.651 0.146
15 33 43.703 0.478
15 34 41.825 1.179
15 35 74.793 2.032
15 36 94.495 0.48
15 37 28.529 0.966
15 38 67.749 1.208
15 39 28.204 1.114
15 40 36.794 1.964
15 41 89.505 1.643
15 42 72.553 0.235
15 43 95.734 1.333
15 44 52.03 0.887
15 45 44.515 0.923
15 46 24.199 0.0
15 47 95.851 1.98
15 48 94.71 1.424
15 49 65.549 0.406
16 17 88.139 0.559
16 18 18.619 0.949
16 19 1.405 1.863
16 20 55.562 1.903
16 21 49.133 1.833
16 22 40.665 1.059
16 23 43.298 2.089
16 24 89.184 2.069
16 25 5.525 0.576
16 26 4.157 0.04
16 27 94.82 0.773
16 28 94.879 1.265
16 29 58.804 1.733
16 30 10.817 0.467
16 31 44.221 0.722
16 32 82.57 0.822
16 33 54.132 1.458
16 34 98.814 1.174
16 35 16.904 0.432
16 36 45.679 0.177
16 37 94.283 1.742
16 38 17.74 1.698
16 39 42.063 1.251
16 40 68.204 0.786
16 41 25.971 1.013
16 42 17.84 0.024
16 43 14.664 1.427
16 44 27.041 1.505
16 45 52.584 0.335
16 46 72.669 0.045
16 47 24.185 0.942
16 48 20.65 0.113
16 49 23.223 0.609
17 18 20.028 2.021
17 19 54.659 0.055
17 20 7.07 0.194
17 21 89.91 1.435
17 22 29.528 0.722
17 23 21.482 1.169
17 24 7.388 1.701
17 25 5.308 0.213
17 26 14.295 2.191
17 27 2.986 1.803
17 28 22.566 1.234
17 29 12.514 1.539
17 30 11.212 1.149
17 31 86.656 0.11
17 32 31.589 2.11
17 33 44.344 0.664
17 34 29.453 0.06
17 35 50.233 0.887
17 36 81.422 2.031
17 37 50.703 1.778
17 38 78.247 0.993
17 39 5.082 2.186
17 40 64.651 0.445
17 41 5.433 1.56
17 42 23.586 1.234
17 43 52.658 0.648
17 44 77.571 1.655
17 45 24.522 0.493
17 46 33.433 1.967
17 47 61.175 1.57
17 48 27.899 1.785
17 49 42.167 1.721
18 19 66.405 0.1
18 20 30.538 0.388
18 21 28.19 0.454
18 22 58.567 0.573
18 23 96.178 1.122
18 24 33.541 2.159
18 25 58.137 1.476
18 26 7.32 0.069
18 27 4.987 0.154
18 28 28.946 0.47
18 29 5.116 2.2
18 30 75.499 2.004
18 31 54.747 1.13
18 32 75.432 1.809
18 33 18.927 1.024
18 34 28.967 0.765
18 35 42.94 0.829
18 36 80.949 1.272
18 37 0.908 1.979
18 38 72.94 0.661
18 39 24.974 1.65
18 40 35.178 2.154
18 41 5.981 1.952
18 42 10.863 0.823
18 43 66.593 1.027
18 44 11.438 1.438
18 45 99.554 0.6
18 46 54.849 2.141
18 47 54.981 1.559
18 48 33.825 1.903
18 49 50.801 1.402
19 20 17.755 0.628
19 21 8.666 1.662
19 22 70.42 1.213
19 23 83.597 1.963
19 24 77.857 2.02
19 25 52.5 1.985
19 26 15.142 2.159
19 27 8.314 1.462
19 28 90.482 2.06
19 29 85.294 1.887
19 30 60.438 0.844
19 31 82.141 0.841
19 32 87.233 0.163
19 33 29.928 0.79
19 34 44.465 0.554
19 35 30.69 1.838
19 36 10.702 1.24
19 37 52.569 0.483
19 38 73.016 1.791
19 39 31.602 0.509
19 40 52.759 1.476
19 41 75.244 1.133
19 42 56.331 1.98
19 43 76.252 1.463
19 44 14.952 1.752
19 45 78.616 0.868
19 46 78.079 2.066
19 47 75.008 0.84
19 48 53.046 0.21
19 49 36.356 1.907
20 21 9.714 1.835
20 22 94.959 1.334
20 23 0.762 0.282
20 24 74.86 1.25
20 25 8.005 1.692
20 26 94.661 0.031
20 27 37.859 0.963
20 28 66.462 0.018
20 29 4.88 0.555
20 30 76.292 1.226
20 31 82.613 0.471
20 32 31.767 0.256
20 33 5.785 0.365
20 34 40.29 2.047
20 35 12.521 1.536
20 36 77.565 0.194
20 37 74.99 0.89
20 38 37.816 1.936
20 39 23.062 1.858
20 40 9.719 0.496
20 41 5.807 0.204
20 42 59.036 0.148
20 43 12.136 1.398
20 44 80.591 1.348
20 45 17.356 1.648
20 46 91.863 2.022
20 47 57.228 1.07
20 48 6.914 1.878
20 49 87.315 1.534
21 22 16.982 1.154
21 23 89.28 1.167
21 24 63.144 1.257
21 25 76.434 0.098
21 26 49.437 0.285
21 27 17.138 2.093
21 28 35.938 2.186
21 29 89.579 0.12
21 30 46.771 0.437
21 31 64.498 0.915
21 32 82.231 2.128
21 33 23.854 0.913
21 34 43.087 1.937
21 35 49.561 1.614
21 36 65.995 0.399
21 37 80.069 0.093
21 38 41.52 1.157
21 39 47.328 2.172
21 40 91.257 1.643
21 41 26.01 0.83
21 42 24.793 0.286
21 43 30.904 1.157
21 44 62.101 1.609
21 45 68.286 0.896
21 46 70.404 0.096
21 47 66.711 2.039
21 48 54.624 1.795
21 49 83.392 1.215
22 23 52.112 0.628
22 24 88.0 0.09
22 25 56.638 0.529
22 26 70.755 1.294
22 27 32.249 1.26
22 28 69.687 1.992
22 29 40.918 0.668
22 30 47.217 0.813
22 31 97.956 1.875
22 32 16.571 1.551
22 33 17.564 1.267
22 34 43.313 0.596
22 35 81.463 0.569
22 36 40.808 2.034
22 37 38.732 0.803
22 38 48.145 0.414
22 39 2.519 1.374
22 40 37.03 0.8
22 41 32.78 1.803
22 42 51.525 0.315
22 43 65.437 1.238
22 44 34.491 2.038
22 45 34.519 1.54
22 46 4.267 2.173
22 47 9.279 0.225
22 48 57.435 0.767
22 49 91.602 0.829
23 24 66.136 0.273
23 25 41.746 0.692
23 26 16.253 0.984
23 27 45.707 1.004
23 28 92.009 1.147
23 29 52.28 0.336
23 30 16.39 0.644
23 31 17.176 1.151
23 32 23.622 1.354
23 33 2.43 1.503
23 34 98.703 1.808
23 35 25.122 2.079
23 36 99.684 1.313
23 37 76.58 1.397
23 38 85.76 0.156
23 39 16.499 0.978
23 40 28.627 0.36
23 41 72.754 0.88
23 42 90.512 1.603
23 43 37.302 0.271
23 44 84.509 0.172
23 45 21.615 1.13
23 46 69.882 0.393
23 47 68.893 1.406
23 48 6.962 1.148
23 49 95.319 1.306
24 25 48.354 1.363
24 26 30.412 2.185
24 27 76.754 2.065
24 28 66.809 0.744
24 29 45.613 1.735
24 30 10.46 1.872
24 31 77.908 0.395
24 32 37.136 0.817
24 33 30.033 0.344
24 34 26.08 1.204
24 35 68.481 1.049
24 36 40.147 1.814
24 37 24.708 0.854
24 38 60.279 0.679
24 39 96.945 1.233
24 40 46.054 0.062
24 41 12.036 1.217
24 42 13.167 1.892
24 43 93.009 0.579
24 44 82.507 1.319
24 45 34.376 1.091
24 46 36.357 0.67
24 47 0.86 1.375
24 48 57.911 1.699
24 49 53.58 0.442
25 26 26.811 0.849
25 27 64.381 1.022
25 28 77.106 1.553
25 29 64.74 1.289
25 30 69.655 0.996
25 31 72.444 2.191
25 32 34.592 0.407
25 33 60.273 1.376
25 34 52.612 1.768
25 35 66.328 0.405
25 36 34.759 0.178
25 37 87.159 2.18
25 38 7.774 0.016
25 39 57.383 0.364
25 40 36.822 1.129
25 41 26.456 0.518
25 42 55.996 0.179
25 43 67.052 1.805
25 44 88.924 0.022
25 45 79.352 1.948
25 46 72.358 0.083
25 47 36.902 1.531
25 48 40.69 0.74
25 49 96.63 0.727
26 27 11.255 0.417
26 28 78.102 0.527
26 29 98.759 0.502
26 30 17.896 1.343
26 31 1.828 1.88
26 32 65.482 1.104
26 33 13.022 0.899
26 34 46.914 0.087
26 35 62.529 1.852
26 36 27.856 0.18
26 37 23.713 0.737
26 38 7.241 0.964
26 39 86.508 1.736
26 40 77.119 1.554
26 41 6.309 1.417
26 42 5.499 1.976
26 43 98.958 0.734
26 44 74.031 1.646
26 45 28.875 1.801
26 46 96.969 1.313
26 47 38.876 0.035
26 48 88.468 1.477
26 49 97.37 0.009
27 28 48.666 0.073
27 29 92.971 2.157
27 30 31.194 1.7
27 31 79.725 1.211
27 32 86.765 1.895
27 33 91.128 2.167
27 34 51.587 1.735
27 35 67.968 2.15
27 36 55.086 1.017
27 37 80.111 1.664
27 38 64.453 0.497
27 39 1.651 1.458
27 40 26.03 1.052
27 41 99.929 1.457
27 42 35.707 0.592
27 43 29.323 0.242
27 44 20.268 0.325
27 45 52.033 0.76
27 46 67.461 1.423
27 47 91.742 0.641
27 48 33.534 0.111
27 49 60.374 1.316
28 29 11.346 0.238
28 30 27.615 1.628
28 31 84.318 0.164
28 32 47.181 1.8
28 33 20.616 0.856
28 34 87.706 1.593
28 35 61.893 0.519
28 36 22.014 1.491
28 37 74.012 1.617
28 38 77.971 2.179
28 39 41.381 1.099
28 40 30.901 1.79
28 41 1.843 0.566
28 42 8.09 1.035
28 43 98.425 2.151
28 44 57.676 0.975
28 45 40.986 0.693
28 46 40.037 1.831
28 47 24.581 1.172
28 48 68.628 1.893
28 49 41.193 0.369
29 30 0.998 0.272
29 31 4.472 0.6
29 32 19.719 1.751
29 33 35.775 2.027
29 34 52.758 1.221
29 35 63.912 0.042
29 36 95.329 0.569
29 37 5.866 0.791
29 38 23.323 1.381
29 39 93.285 0.224
29 40 51.822 0.97
29 41 32.635 1.145
29 42 24.38 1.053
29 43 32.181 1.655
29 44 90.602 2.012
29 45 50.205 1.28
29 46 94.48 1.684
29 47 62.969 1.329
29 48 85.873 0.8
29 49 39.303 1.694
30 31 61.718 1.425
30 32 16.412 0.926
30 33 30.752 1.211
30 34 28.122 0.435
30 35 52.982 0.341
30 36 38.43 1.327
30 37 90.461 1.099
30 38 98.381 1.36
30 39 16.673 1.714
30 40 16.617 0.888
30 41 5.146 2.069
30 42 61.717 1.459
30 43 78.622 1.275
30 44 25.871 1.45
30 45 47.538 1.507
30 46 13.34 1.446
30 47 83.791 0.834
30 48 60.781 2.062
30 49 5.321 0.618
31 32 12.05 1.98
31 33 60.987 1.215
31 34 2.118 1.385
31 35 3.617 1.432
31 36 87.225 0.861
31 37 90.583 0.77
31 38 8.381 0.551
31 39 4.878 0.037
31 40 81.09 1.862
31 41 58.397 0.238
31 42 83.442 1.607
31 43 86.306 2.155
31 44 52.714 0.644
31 45 35.046 0.267
31 46 35.199 0.841
31 47 68.29 1.139
31 48 41.711 1.276
31 49 95.127 1.302
32 33 71.121 0.352
32 34 75.485 1.706
32 35 31.734 1.485
32 36 60.75 1.662
32 37 63.339 0.425
32 38 88.0 0.053
32 39 83.147 1.264
32 40 13.995 0.214
32 41 63.959 0.538
32 42 39.322 0.914
32 43 38.557 1.271
32 44 16.503 1.532
32 45 28.763 1.962
32 46 55.226 0.966
32 47 92.522 0.346
32 48 59.945 1.801
32 49 29.352 1.433
33 34 83.262 1.361
33 35 28.368 1.997
33 36 16.559 0.578
33 37 83.615 1.142
33 38 26.546 1.111
33 39 67.378 0.03
33 40 43.109 1.51
33 41 55.024 0.738
33 42 65.203 0.357
33 43 41.227 1.514
33 44 21.262 1.751
33 45 91.451 1.846
33 46 89.353 0.925
33 47 4.285 0.816
33 48 37.459 0.593
33 49 36.374 2.056
34 35 10.072 1.481
34 36 3.377 0.522
34 37 48.412 0.6
34 38 74.043 1.646
34 39 14.659 1.822
34 40 11.078 2.004
34 41 32.323 0.735
34 42 47.318 0.092
34 43 53.162 1.736
34 44 25.071 0.706
34 45 46.035 0.026
34 46 37.398 1.539
34 47 40.559 0.581
34 48 15.648 1.969
34 49 28.03 0.346
35 36 83.875 1.313
35 37 9.638 0.897
35 38 0.05 0.59
35 39 50.565 0.301
35 40 10.952 0.138
35 41 54.112 0.904
35 42 46.433 1.45
35 43 45.042 1.175
35 44 35.213 1.748
35 45 9.37 0.585
35 46 85.732 0.101
35 47 60.16 1.013
35 48 15.049 2.047
35 49 37.023 1.594
36 37 79.455 0.046
36 38 38.531 0.158
36 39 41.459 2.102
36 40 58.174 1.573
36 41 74.5 2.116
36 42 47.586 1.366
36 43 58.228 1.344
36 44 6.377 0.27
36 45 74.877 0.682
36 46 18.806 0.607
36 47 49.513 0.043
36 48 73.196 1.882
36 49 20.252 0.191
37 38 19.459 0.721
37 39 48.248 0.071
37 40 9.422 0.574
37 41 99.374 1.75
37 42 87.938 0.783
37 43 47.155 0.374
37 44 31.542 1.78
37 45 0.219 0.92
37 46 21.008 0.158
37 47 87.099 1.323
37 48 21.015 1.325
37 49 86.067 0.277
38 39 42.474 2.134
38 40 20.095 0.208
38 41 83.886 2.046
38 42 8.867 0.023
38 43 0.623 0.13
38 44 80.174 1.031
38 45 68.084 1.019
38 46 92.622 1.094
38 47 73.703 1.266
38 48 33.703 1.782
38 49 93.643 0.022
39 40 33.176 0.964
39 41 19.86 0.802
39 42 78.05 1.535
39 43 62.247 0.894
39 44 63.468 2.137
39 45 5.532 0.86
39 46 96.076 0.119
39 47 43.346 1.129
39 48 70.234 0.974
39 49 82.349 2.024
40 41 43.024 1.611
40 42 65.383 0.206
40 43 33.155 0.547
40 44 2.918 1.415
40 45 81.697 0.448
40 46 10.148 0.853
40 47 11.065 0.856
40 48 78.667 2.146
40 49 93.553 1.816
41 42 90.408 1.919
41 43 29.649 0.68
41 44 22.192 0.55
41 45 78.303 1.185
41 46 26.668 0.592
41 47 25.736 0.204
41 48 53.273 0.274
41 49 28.826 0.279
42 43 20.343 1.687
42 44 90.041 0.792
42 45 93.361 1.613
42 46 20.361 2.175
42 47 23.625 0.876
42 48 56.325 0.886
42 49 87.062 0.692
43 44 36.128 1.387
43 45 36.368 0.349
43 46 34.945 1.144
43 47 87.754 2.103
43 48 27.379 1.962
43 49 33.673 0.728
44 45 58.268 0.068
44 46 52.278 1.202
44 47 49.978 0.422
44 48 55.32 1.876
44 49 59.71 0.296
45 46 89.545 0.328
45 47 80.049 0.058
45 48 70.323 1.699
45 49 44.6 0.723
46 47 11.188 0.376
46 48 57.837 2.18
46 49 68.177 0.946
47 48 10.451 1.744
47 49 27.487 1.175
48 49 25.131 1.24